{
 "cells": [
  {
   "cell_type": "markdown",
   "metadata": {},
   "source": [
    "# NumPy\n",
    "\n",
    "NumPy is short for Numerical Python.  It is standard to use the alias ``np`` when importing.\n",
    "~~~\n",
    "import numpy as np\n",
    "~~~"
   ]
  },
  {
   "cell_type": "code",
   "execution_count": 2,
   "metadata": {},
   "outputs": [],
   "source": [
    "import numpy as np\n",
    "from numpy.random import randn"
   ]
  },
  {
   "cell_type": "markdown",
   "metadata": {},
   "source": [
    "The main object that we will use is the `ndarray`.  The ndarray is a generic multidimensional container for homogeneous data (all the elements must be the same data type).  We will mostly be using 1D and 2D arrays, but they can potentially have many more dimensions.  You will know the dimension of the array by the number of square brackets.\n",
    "\n",
    "## Creating NumPy Arrays\n",
    "\n",
    "### From Lists\n",
    "~~~\n",
    "np.array(my_list)\n",
    "~~~"
   ]
  },
  {
   "cell_type": "code",
   "execution_count": 3,
   "metadata": {},
   "outputs": [],
   "source": [
    "list_one = [1, 2, 3]\n",
    "list_two = [[1, 1, 1], [2, 2, 2], [3, 3, 3]]"
   ]
  },
  {
   "cell_type": "code",
   "execution_count": 6,
   "metadata": {},
   "outputs": [
    {
     "data": {
      "text/plain": [
       "array([1, 2, 3])"
      ]
     },
     "execution_count": 6,
     "metadata": {},
     "output_type": "execute_result"
    }
   ],
   "source": [
    "np.array(list_one)"
   ]
  },
  {
   "cell_type": "code",
   "execution_count": 7,
   "metadata": {},
   "outputs": [
    {
     "data": {
      "text/plain": [
       "array([[1, 1, 1],\n",
       "       [2, 2, 2],\n",
       "       [3, 3, 3]])"
      ]
     },
     "execution_count": 7,
     "metadata": {},
     "output_type": "execute_result"
    }
   ],
   "source": [
    "np.array(list_two)"
   ]
  },
  {
   "cell_type": "markdown",
   "metadata": {},
   "source": [
    "### From built-in functions\n",
    "~~~\n",
    "np.arange(start, stop, step) #exclusive of stop\n",
    "np.zeros(n) OR np.zeros([n,m])\n",
    "np.ones(n) OR np.ones([n,m])\n",
    "np.full(n, fill) OR np.full([n,m], fill)\n",
    "np.linspace(start, stop, n) \n",
    "np.eye(n) \n",
    "~~~"
   ]
  },
  {
   "cell_type": "code",
   "execution_count": 8,
   "metadata": {},
   "outputs": [
    {
     "data": {
      "text/plain": [
       "array([[20, 20, 20, 20],\n",
       "       [20, 20, 20, 20],\n",
       "       [20, 20, 20, 20]])"
      ]
     },
     "execution_count": 8,
     "metadata": {},
     "output_type": "execute_result"
    }
   ],
   "source": [
    "np.full([3,4], 20)"
   ]
  },
  {
   "cell_type": "code",
   "execution_count": 10,
   "metadata": {},
   "outputs": [
    {
     "data": {
      "text/plain": [
       "array([[ 1,  2,  3,  4,  5],\n",
       "       [ 6,  7,  8,  9, 10],\n",
       "       [11, 12, 13, 14, 15],\n",
       "       [16, 17, 18, 19, 20]])"
      ]
     },
     "execution_count": 10,
     "metadata": {},
     "output_type": "execute_result"
    }
   ],
   "source": [
    "np.arange(1,21).reshape(4,5)"
   ]
  },
  {
   "cell_type": "code",
   "execution_count": 11,
   "metadata": {},
   "outputs": [
    {
     "data": {
      "text/plain": [
       "array([0.        , 0.11111111, 0.22222222, 0.33333333, 0.44444444,\n",
       "       0.55555556, 0.66666667, 0.77777778, 0.88888889, 1.        ])"
      ]
     },
     "execution_count": 11,
     "metadata": {},
     "output_type": "execute_result"
    }
   ],
   "source": [
    "np.linspace(0,1,10)"
   ]
  },
  {
   "cell_type": "code",
   "execution_count": 12,
   "metadata": {},
   "outputs": [
    {
     "data": {
      "text/plain": [
       "array([[1., 0., 0., 0.],\n",
       "       [0., 1., 0., 0.],\n",
       "       [0., 0., 1., 0.],\n",
       "       [0., 0., 0., 1.]])"
      ]
     },
     "execution_count": 12,
     "metadata": {},
     "output_type": "execute_result"
    }
   ],
   "source": [
    "np.eye(4)"
   ]
  },
  {
   "cell_type": "markdown",
   "metadata": {},
   "source": [
    "### From random functions\n",
    "~~~\n",
    "np.random.rand(n) OR np.random.rand(n,m)\n",
    "np.random.randint(low, high, n) OR np.random.randint(low, high, [n,m]) #exclusive of high\n",
    "np.random.randn(n) OR np.random.randn(n,m)\n",
    "~~~"
   ]
  },
  {
   "cell_type": "code",
   "execution_count": 15,
   "metadata": {},
   "outputs": [
    {
     "data": {
      "text/plain": [
       "array([[0.62596555, 0.21174648],\n",
       "       [0.78354016, 0.26222893],\n",
       "       [0.26539594, 0.1489773 ],\n",
       "       [0.63234469, 0.17949694],\n",
       "       [0.7856999 , 0.66981861]])"
      ]
     },
     "execution_count": 15,
     "metadata": {},
     "output_type": "execute_result"
    }
   ],
   "source": [
    "np.random.rand(5,2)"
   ]
  },
  {
   "cell_type": "code",
   "execution_count": 16,
   "metadata": {},
   "outputs": [
    {
     "data": {
      "text/plain": [
       "array([1, 0, 9, 6, 9])"
      ]
     },
     "execution_count": 16,
     "metadata": {},
     "output_type": "execute_result"
    }
   ],
   "source": [
    "np.random.randint(0,10,5)"
   ]
  },
  {
   "cell_type": "code",
   "execution_count": 17,
   "metadata": {},
   "outputs": [
    {
     "data": {
      "text/plain": [
       "array([-2.00939744,  0.06537242,  1.38409748,  0.64724817, -1.80917346,\n",
       "        0.05389359, -0.48054351,  0.34289466,  0.33264369, -0.44230346])"
      ]
     },
     "execution_count": 17,
     "metadata": {},
     "output_type": "execute_result"
    }
   ],
   "source": [
    "randn(10)"
   ]
  },
  {
   "cell_type": "markdown",
   "metadata": {},
   "source": [
    "## Array attributes and methods\n",
    "\n",
    "### Some common attributes\n",
    "~~~\n",
    "arr = np.random.rand(10)\n",
    "arr.ndim   #number of dimensions\n",
    "arr.shape  #tuple of integers of length dnim\n",
    "arr.size   #total number of elements\n",
    "arr.dtype\n",
    "arr.T # the tanspose\n",
    "~~~"
   ]
  },
  {
   "cell_type": "code",
   "execution_count": 19,
   "metadata": {},
   "outputs": [
    {
     "data": {
      "text/plain": [
       "array([[0.22188704, 0.5648292 , 0.57126228, 0.61828169, 0.41665985],\n",
       "       [0.56023344, 0.1001422 , 0.82005556, 0.96611292, 0.32752599],\n",
       "       [0.07849568, 0.55093548, 0.3090012 , 0.03011845, 0.17386406],\n",
       "       [0.39666132, 0.69514495, 0.29881121, 0.55137743, 0.66410239],\n",
       "       [0.95813101, 0.42958081, 0.28559659, 0.57714612, 0.94944938],\n",
       "       [0.43621205, 0.82566779, 0.1861729 , 0.56979968, 0.26904212],\n",
       "       [0.57651986, 0.77338786, 0.82366277, 0.46015409, 0.05108953],\n",
       "       [0.55813406, 0.20320817, 0.91092072, 0.28405797, 0.66791074],\n",
       "       [0.08679215, 0.32646599, 0.9937202 , 0.15256514, 0.97041959],\n",
       "       [0.56862   , 0.15850331, 0.81219003, 0.69425216, 0.55105927]])"
      ]
     },
     "execution_count": 19,
     "metadata": {},
     "output_type": "execute_result"
    }
   ],
   "source": [
    "arr = np.random.rand(10,5)\n",
    "arr"
   ]
  },
  {
   "cell_type": "code",
   "execution_count": 20,
   "metadata": {},
   "outputs": [
    {
     "data": {
      "text/plain": [
       "2"
      ]
     },
     "execution_count": 20,
     "metadata": {},
     "output_type": "execute_result"
    }
   ],
   "source": [
    "arr.ndim"
   ]
  },
  {
   "cell_type": "code",
   "execution_count": 21,
   "metadata": {},
   "outputs": [
    {
     "data": {
      "text/plain": [
       "(10, 5)"
      ]
     },
     "execution_count": 21,
     "metadata": {},
     "output_type": "execute_result"
    }
   ],
   "source": [
    "arr.shape"
   ]
  },
  {
   "cell_type": "code",
   "execution_count": 22,
   "metadata": {},
   "outputs": [
    {
     "data": {
      "text/plain": [
       "50"
      ]
     },
     "execution_count": 22,
     "metadata": {},
     "output_type": "execute_result"
    }
   ],
   "source": [
    "arr.size"
   ]
  },
  {
   "cell_type": "code",
   "execution_count": 23,
   "metadata": {},
   "outputs": [
    {
     "data": {
      "text/plain": [
       "dtype('float64')"
      ]
     },
     "execution_count": 23,
     "metadata": {},
     "output_type": "execute_result"
    }
   ],
   "source": [
    "arr.dtype"
   ]
  },
  {
   "cell_type": "code",
   "execution_count": 24,
   "metadata": {},
   "outputs": [
    {
     "data": {
      "text/plain": [
       "array([[0.22188704, 0.5648292 , 0.57126228, 0.61828169, 0.41665985],\n",
       "       [0.56023344, 0.1001422 , 0.82005556, 0.96611292, 0.32752599],\n",
       "       [0.07849568, 0.55093548, 0.3090012 , 0.03011845, 0.17386406],\n",
       "       [0.39666132, 0.69514495, 0.29881121, 0.55137743, 0.66410239],\n",
       "       [0.95813101, 0.42958081, 0.28559659, 0.57714612, 0.94944938],\n",
       "       [0.43621205, 0.82566779, 0.1861729 , 0.56979968, 0.26904212],\n",
       "       [0.57651986, 0.77338786, 0.82366277, 0.46015409, 0.05108953],\n",
       "       [0.55813406, 0.20320817, 0.91092072, 0.28405797, 0.66791074],\n",
       "       [0.08679215, 0.32646599, 0.9937202 , 0.15256514, 0.97041959],\n",
       "       [0.56862   , 0.15850331, 0.81219003, 0.69425216, 0.55105927]])"
      ]
     },
     "execution_count": 24,
     "metadata": {},
     "output_type": "execute_result"
    }
   ],
   "source": [
    "arr"
   ]
  },
  {
   "cell_type": "code",
   "execution_count": 25,
   "metadata": {},
   "outputs": [
    {
     "data": {
      "text/plain": [
       "array([[0.22188704, 0.56023344, 0.07849568, 0.39666132, 0.95813101,\n",
       "        0.43621205, 0.57651986, 0.55813406, 0.08679215, 0.56862   ],\n",
       "       [0.5648292 , 0.1001422 , 0.55093548, 0.69514495, 0.42958081,\n",
       "        0.82566779, 0.77338786, 0.20320817, 0.32646599, 0.15850331],\n",
       "       [0.57126228, 0.82005556, 0.3090012 , 0.29881121, 0.28559659,\n",
       "        0.1861729 , 0.82366277, 0.91092072, 0.9937202 , 0.81219003],\n",
       "       [0.61828169, 0.96611292, 0.03011845, 0.55137743, 0.57714612,\n",
       "        0.56979968, 0.46015409, 0.28405797, 0.15256514, 0.69425216],\n",
       "       [0.41665985, 0.32752599, 0.17386406, 0.66410239, 0.94944938,\n",
       "        0.26904212, 0.05108953, 0.66791074, 0.97041959, 0.55105927]])"
      ]
     },
     "execution_count": 25,
     "metadata": {},
     "output_type": "execute_result"
    }
   ],
   "source": [
    "arr.T"
   ]
  },
  {
   "cell_type": "code",
   "execution_count": 26,
   "metadata": {},
   "outputs": [
    {
     "data": {
      "text/plain": [
       "(5, 10)"
      ]
     },
     "execution_count": 26,
     "metadata": {},
     "output_type": "execute_result"
    }
   ],
   "source": [
    "arr.T.shape"
   ]
  },
  {
   "cell_type": "code",
   "execution_count": null,
   "metadata": {},
   "outputs": [],
   "source": []
  },
  {
   "cell_type": "markdown",
   "metadata": {},
   "source": [
    "### Some common methods\n",
    "\n",
    "~~~\n",
    "arr.reshape(rows,cols)\n",
    "arr.max()\n",
    "arr.argmax()\n",
    "arr.min()\n",
    "arr.argmin()\n",
    "arr.sum()\n",
    "arr.cumsum()\n",
    "~~~"
   ]
  },
  {
   "cell_type": "code",
   "execution_count": 27,
   "metadata": {},
   "outputs": [
    {
     "data": {
      "text/plain": [
       "array([[0.22188704, 0.5648292 , 0.57126228, 0.61828169, 0.41665985],\n",
       "       [0.56023344, 0.1001422 , 0.82005556, 0.96611292, 0.32752599],\n",
       "       [0.07849568, 0.55093548, 0.3090012 , 0.03011845, 0.17386406],\n",
       "       [0.39666132, 0.69514495, 0.29881121, 0.55137743, 0.66410239],\n",
       "       [0.95813101, 0.42958081, 0.28559659, 0.57714612, 0.94944938],\n",
       "       [0.43621205, 0.82566779, 0.1861729 , 0.56979968, 0.26904212],\n",
       "       [0.57651986, 0.77338786, 0.82366277, 0.46015409, 0.05108953],\n",
       "       [0.55813406, 0.20320817, 0.91092072, 0.28405797, 0.66791074],\n",
       "       [0.08679215, 0.32646599, 0.9937202 , 0.15256514, 0.97041959],\n",
       "       [0.56862   , 0.15850331, 0.81219003, 0.69425216, 0.55105927]])"
      ]
     },
     "execution_count": 27,
     "metadata": {},
     "output_type": "execute_result"
    }
   ],
   "source": [
    "arr"
   ]
  },
  {
   "cell_type": "code",
   "execution_count": 28,
   "metadata": {},
   "outputs": [
    {
     "data": {
      "text/plain": [
       "0.9937201996919418"
      ]
     },
     "execution_count": 28,
     "metadata": {},
     "output_type": "execute_result"
    }
   ],
   "source": [
    "arr.max()"
   ]
  },
  {
   "cell_type": "code",
   "execution_count": 29,
   "metadata": {},
   "outputs": [
    {
     "data": {
      "text/plain": [
       "42"
      ]
     },
     "execution_count": 29,
     "metadata": {},
     "output_type": "execute_result"
    }
   ],
   "source": [
    "arr.argmax()"
   ]
  },
  {
   "cell_type": "code",
   "execution_count": 31,
   "metadata": {},
   "outputs": [
    {
     "data": {
      "text/plain": [
       "25.025934397157336"
      ]
     },
     "execution_count": 31,
     "metadata": {},
     "output_type": "execute_result"
    }
   ],
   "source": [
    "arr.sum()"
   ]
  },
  {
   "cell_type": "code",
   "execution_count": 32,
   "metadata": {},
   "outputs": [
    {
     "data": {
      "text/plain": [
       "25.025934397157336"
      ]
     },
     "execution_count": 32,
     "metadata": {},
     "output_type": "execute_result"
    }
   ],
   "source": [
    "np.sum(arr)"
   ]
  },
  {
   "cell_type": "code",
   "execution_count": null,
   "metadata": {},
   "outputs": [],
   "source": [
    "arr.shape"
   ]
  },
  {
   "cell_type": "code",
   "execution_count": null,
   "metadata": {},
   "outputs": [],
   "source": [
    "arr.reshape(25,2)"
   ]
  },
  {
   "cell_type": "markdown",
   "metadata": {},
   "source": [
    "## Indexing and Slicing\n",
    "\n"
   ]
  },
  {
   "cell_type": "code",
   "execution_count": 42,
   "metadata": {},
   "outputs": [],
   "source": [
    "arr = np.arange(10,20)\n",
    "arr2d = np.random.randint(1,11,[5,5])"
   ]
  },
  {
   "cell_type": "markdown",
   "metadata": {},
   "source": [
    "### 1-d arrays\n",
    "~~~\n",
    "arr[i]\n",
    "arr[i:j]\n",
    "arr[:j]\n",
    "arr[i:]\n",
    "arr[i:j:step]\n",
    "~~~"
   ]
  },
  {
   "cell_type": "code",
   "execution_count": 38,
   "metadata": {},
   "outputs": [
    {
     "data": {
      "text/plain": [
       "array([10, 11, 12, 13, 14, 15, 16, 17, 18, 19])"
      ]
     },
     "execution_count": 38,
     "metadata": {},
     "output_type": "execute_result"
    }
   ],
   "source": [
    "arr"
   ]
  },
  {
   "cell_type": "code",
   "execution_count": 39,
   "metadata": {},
   "outputs": [
    {
     "data": {
      "text/plain": [
       "14"
      ]
     },
     "execution_count": 39,
     "metadata": {},
     "output_type": "execute_result"
    }
   ],
   "source": [
    "arr[4]"
   ]
  },
  {
   "cell_type": "code",
   "execution_count": 41,
   "metadata": {},
   "outputs": [
    {
     "data": {
      "text/plain": [
       "array([11, 12, 13, 14, 15])"
      ]
     },
     "execution_count": 41,
     "metadata": {},
     "output_type": "execute_result"
    }
   ],
   "source": [
    "arr[1:6]"
   ]
  },
  {
   "cell_type": "code",
   "execution_count": null,
   "metadata": {},
   "outputs": [],
   "source": []
  },
  {
   "cell_type": "markdown",
   "metadata": {},
   "source": [
    "### 2-d arrays\n",
    "~~~\n",
    "arr2d[row]\n",
    "arr2d[row][col] OR arr2d[row, col]\n",
    "arr2d[:i, j:]\n",
    "arr2d[[a,b,c,d]] # will get rows with index a, b, c and d\n",
    "~~~\n"
   ]
  },
  {
   "cell_type": "code",
   "execution_count": 43,
   "metadata": {},
   "outputs": [
    {
     "data": {
      "text/plain": [
       "array([[ 9,  3,  5,  1,  3],\n",
       "       [ 7,  2,  8, 10,  2],\n",
       "       [ 7,  1, 10,  9,  3],\n",
       "       [ 3,  8,  5,  9,  5],\n",
       "       [ 3, 10,  9,  9,  3]])"
      ]
     },
     "execution_count": 43,
     "metadata": {},
     "output_type": "execute_result"
    }
   ],
   "source": [
    "arr2d"
   ]
  },
  {
   "cell_type": "code",
   "execution_count": 44,
   "metadata": {},
   "outputs": [
    {
     "data": {
      "text/plain": [
       "array([3, 5, 9])"
      ]
     },
     "execution_count": 44,
     "metadata": {},
     "output_type": "execute_result"
    }
   ],
   "source": []
  },
  {
   "cell_type": "code",
   "execution_count": null,
   "metadata": {},
   "outputs": [],
   "source": []
  },
  {
   "cell_type": "code",
   "execution_count": null,
   "metadata": {},
   "outputs": [],
   "source": []
  },
  {
   "cell_type": "code",
   "execution_count": null,
   "metadata": {},
   "outputs": [],
   "source": []
  },
  {
   "cell_type": "code",
   "execution_count": null,
   "metadata": {},
   "outputs": [],
   "source": []
  },
  {
   "cell_type": "markdown",
   "metadata": {},
   "source": [
    "#### Important Note:\n",
    "Array slices are *views* of the original array.  Changing any values in the slice will also change values in the original array.  "
   ]
  },
  {
   "cell_type": "code",
   "execution_count": 45,
   "metadata": {},
   "outputs": [
    {
     "data": {
      "text/plain": [
       "array([10, 11, 12, 13, 14, 15, 16, 17, 18, 19])"
      ]
     },
     "execution_count": 45,
     "metadata": {},
     "output_type": "execute_result"
    }
   ],
   "source": [
    "arr"
   ]
  },
  {
   "cell_type": "code",
   "execution_count": 46,
   "metadata": {},
   "outputs": [],
   "source": [
    "arr_slice = arr[0:5]"
   ]
  },
  {
   "cell_type": "code",
   "execution_count": 47,
   "metadata": {},
   "outputs": [
    {
     "data": {
      "text/plain": [
       "array([10, 11, 12, 13, 14])"
      ]
     },
     "execution_count": 47,
     "metadata": {},
     "output_type": "execute_result"
    }
   ],
   "source": [
    "arr_slice"
   ]
  },
  {
   "cell_type": "code",
   "execution_count": 48,
   "metadata": {},
   "outputs": [],
   "source": [
    "arr_slice[0] = 1234567"
   ]
  },
  {
   "cell_type": "code",
   "execution_count": 49,
   "metadata": {},
   "outputs": [
    {
     "data": {
      "text/plain": [
       "array([1234567,      11,      12,      13,      14])"
      ]
     },
     "execution_count": 49,
     "metadata": {},
     "output_type": "execute_result"
    }
   ],
   "source": [
    "arr_slice"
   ]
  },
  {
   "cell_type": "code",
   "execution_count": 50,
   "metadata": {},
   "outputs": [
    {
     "data": {
      "text/plain": [
       "array([1234567,      11,      12,      13,      14,      15,      16,\n",
       "            17,      18,      19])"
      ]
     },
     "execution_count": 50,
     "metadata": {},
     "output_type": "execute_result"
    }
   ],
   "source": [
    "arr"
   ]
  },
  {
   "cell_type": "markdown",
   "metadata": {},
   "source": [
    "If a copy of a slice is needed, use .copy()"
   ]
  },
  {
   "cell_type": "code",
   "execution_count": null,
   "metadata": {},
   "outputs": [],
   "source": [
    "arr = np.arange(11)"
   ]
  },
  {
   "cell_type": "code",
   "execution_count": null,
   "metadata": {},
   "outputs": [],
   "source": [
    "arr_slice = arr[0:5].copy()"
   ]
  },
  {
   "cell_type": "code",
   "execution_count": null,
   "metadata": {},
   "outputs": [],
   "source": [
    "arr_slice"
   ]
  },
  {
   "cell_type": "code",
   "execution_count": null,
   "metadata": {},
   "outputs": [],
   "source": [
    "arr_slice[0] = 1234567"
   ]
  },
  {
   "cell_type": "code",
   "execution_count": null,
   "metadata": {},
   "outputs": [],
   "source": [
    "arr_slice"
   ]
  },
  {
   "cell_type": "code",
   "execution_count": null,
   "metadata": {},
   "outputs": [],
   "source": [
    "arr"
   ]
  },
  {
   "cell_type": "markdown",
   "metadata": {},
   "source": [
    "### Boolean Indexing\n",
    "(Boolean indexing creates a copy)"
   ]
  },
  {
   "cell_type": "code",
   "execution_count": null,
   "metadata": {},
   "outputs": [],
   "source": [
    "arr = np.array([1,1,1,3,3,3,4,5,4])"
   ]
  },
  {
   "cell_type": "code",
   "execution_count": null,
   "metadata": {},
   "outputs": [],
   "source": [
    "arr2d = np.random.randn(9,5)"
   ]
  },
  {
   "cell_type": "code",
   "execution_count": null,
   "metadata": {},
   "outputs": [],
   "source": [
    "arr2d"
   ]
  },
  {
   "cell_type": "code",
   "execution_count": null,
   "metadata": {},
   "outputs": [],
   "source": [
    "arr[arr>3]"
   ]
  },
  {
   "cell_type": "code",
   "execution_count": null,
   "metadata": {},
   "outputs": [],
   "source": [
    "arr_part = arr[arr>3]"
   ]
  },
  {
   "cell_type": "code",
   "execution_count": null,
   "metadata": {},
   "outputs": [],
   "source": [
    "arr_part"
   ]
  },
  {
   "cell_type": "code",
   "execution_count": null,
   "metadata": {},
   "outputs": [],
   "source": [
    "arr_part[0] = 121212"
   ]
  },
  {
   "cell_type": "code",
   "execution_count": null,
   "metadata": {},
   "outputs": [],
   "source": [
    "arr_part"
   ]
  },
  {
   "cell_type": "code",
   "execution_count": null,
   "metadata": {},
   "outputs": [],
   "source": [
    "arr"
   ]
  },
  {
   "cell_type": "code",
   "execution_count": null,
   "metadata": {},
   "outputs": [],
   "source": [
    "arr2d[arr2d>0]"
   ]
  },
  {
   "cell_type": "code",
   "execution_count": null,
   "metadata": {},
   "outputs": [],
   "source": [
    "arr2d[arr>3]"
   ]
  },
  {
   "cell_type": "code",
   "execution_count": null,
   "metadata": {},
   "outputs": [],
   "source": [
    "arr2d[arr2d < 0] = 0"
   ]
  },
  {
   "cell_type": "code",
   "execution_count": null,
   "metadata": {},
   "outputs": [],
   "source": [
    "arr2d"
   ]
  },
  {
   "cell_type": "markdown",
   "metadata": {},
   "source": [
    "In order to combine multiple boolean conditions, use ``&`` and ``|`` (instead of ``and`` and ``or``).  Also use parentheses to separate conditions."
   ]
  },
  {
   "cell_type": "code",
   "execution_count": null,
   "metadata": {},
   "outputs": [],
   "source": [
    "arr2d[(arr == 1) | (arr > 4)] #"
   ]
  },
  {
   "cell_type": "code",
   "execution_count": null,
   "metadata": {},
   "outputs": [],
   "source": [
    "arr2d[(arr == 1) or (arr > 4)]"
   ]
  },
  {
   "cell_type": "markdown",
   "metadata": {},
   "source": [
    "### Fancy Indexing\n",
    "Fancy indexing refers to indexing using integer arrays.  **The result of fancy indexing is always a one-dimensional array.**"
   ]
  },
  {
   "cell_type": "code",
   "execution_count": 51,
   "metadata": {},
   "outputs": [],
   "source": [
    "arr = np.empty((8,4))"
   ]
  },
  {
   "cell_type": "code",
   "execution_count": 52,
   "metadata": {},
   "outputs": [
    {
     "data": {
      "text/plain": [
       "array([[0.1, 0.2, 0.3, 0.4],\n",
       "       [1.1, 1.2, 1.3, 1.4],\n",
       "       [2.1, 2.2, 2.3, 2.4],\n",
       "       [3.1, 3.2, 3.3, 3.4],\n",
       "       [4.1, 4.2, 4.3, 4.4],\n",
       "       [5.1, 5.2, 5.3, 5.4],\n",
       "       [6.1, 6.2, 6.3, 6.4],\n",
       "       [7.1, 7.2, 7.3, 7.4]])"
      ]
     },
     "execution_count": 52,
     "metadata": {},
     "output_type": "execute_result"
    }
   ],
   "source": [
    "for i in range(8):\n",
    "    for j in range(4):\n",
    "        arr[i,j] = i + (j+1)/10\n",
    "arr"
   ]
  },
  {
   "cell_type": "code",
   "execution_count": 53,
   "metadata": {},
   "outputs": [
    {
     "data": {
      "text/plain": [
       "array([[0.1, 0.2, 0.3, 0.4],\n",
       "       [2.1, 2.2, 2.3, 2.4],\n",
       "       [4.1, 4.2, 4.3, 4.4],\n",
       "       [6.1, 6.2, 6.3, 6.4]])"
      ]
     },
     "execution_count": 53,
     "metadata": {},
     "output_type": "execute_result"
    }
   ],
   "source": [
    "arr[[0,2,4,6]]"
   ]
  },
  {
   "cell_type": "code",
   "execution_count": 56,
   "metadata": {},
   "outputs": [
    {
     "data": {
      "text/plain": [
       "array([[0.4],\n",
       "       [1.4]])"
      ]
     },
     "execution_count": 56,
     "metadata": {},
     "output_type": "execute_result"
    }
   ],
   "source": [
    "arr[:2,3:]"
   ]
  },
  {
   "cell_type": "code",
   "execution_count": 54,
   "metadata": {},
   "outputs": [
    {
     "data": {
      "text/plain": [
       "array([[2.1, 2.2, 2.3, 2.4],\n",
       "       [0.1, 0.2, 0.3, 0.4],\n",
       "       [7.1, 7.2, 7.3, 7.4]])"
      ]
     },
     "execution_count": 54,
     "metadata": {},
     "output_type": "execute_result"
    }
   ],
   "source": [
    "arr[[2,0,7]]"
   ]
  },
  {
   "cell_type": "markdown",
   "metadata": {},
   "source": [
    "Be careful when using multiple array indexes.  It might not do what you expect."
   ]
  },
  {
   "cell_type": "code",
   "execution_count": 58,
   "metadata": {},
   "outputs": [
    {
     "ename": "IndexError",
     "evalue": "shape mismatch: indexing arrays could not be broadcast together with shapes (3,) (4,) ",
     "output_type": "error",
     "traceback": [
      "\u001b[0;31m---------------------------------------------------------------------------\u001b[0m",
      "\u001b[0;31mIndexError\u001b[0m                                Traceback (most recent call last)",
      "\u001b[0;32m<ipython-input-58-48b4ece2b0fc>\u001b[0m in \u001b[0;36m<module>\u001b[0;34m\u001b[0m\n\u001b[0;32m----> 1\u001b[0;31m \u001b[0marr\u001b[0m\u001b[0;34m[\u001b[0m\u001b[0;34m[\u001b[0m\u001b[0;36m2\u001b[0m\u001b[0;34m,\u001b[0m\u001b[0;36m0\u001b[0m\u001b[0;34m,\u001b[0m\u001b[0;36m7\u001b[0m\u001b[0;34m]\u001b[0m\u001b[0;34m,\u001b[0m \u001b[0;34m[\u001b[0m\u001b[0;36m1\u001b[0m\u001b[0;34m,\u001b[0m\u001b[0;36m2\u001b[0m\u001b[0;34m,\u001b[0m\u001b[0;36m3\u001b[0m\u001b[0;34m,\u001b[0m\u001b[0;36m0\u001b[0m\u001b[0;34m]\u001b[0m\u001b[0;34m]\u001b[0m\u001b[0;34m\u001b[0m\u001b[0;34m\u001b[0m\u001b[0m\n\u001b[0m",
      "\u001b[0;31mIndexError\u001b[0m: shape mismatch: indexing arrays could not be broadcast together with shapes (3,) (4,) "
     ]
    }
   ],
   "source": [
    "arr[[2,0,7], [1,2,3,0]]"
   ]
  },
  {
   "cell_type": "code",
   "execution_count": 59,
   "metadata": {},
   "outputs": [
    {
     "data": {
      "text/plain": [
       "array([[2.2, 2.3, 2.4],\n",
       "       [0.2, 0.3, 0.4],\n",
       "       [7.2, 7.3, 7.4]])"
      ]
     },
     "execution_count": 59,
     "metadata": {},
     "output_type": "execute_result"
    }
   ],
   "source": [
    "arr[[2,0,7]][:,[1,2,3]]"
   ]
  },
  {
   "cell_type": "code",
   "execution_count": null,
   "metadata": {},
   "outputs": [],
   "source": []
  },
  {
   "cell_type": "markdown",
   "metadata": {},
   "source": [
    "## Universal Functions\n",
    "Universal functions, sometimes called a *ufunc* is a function that performs element-wise operations on data in ndarrays.  There are *unary* ufuncs, that take as input a single ndarray and *binary* ufuncs that take two ndarrays as input and return a single array.  \n",
    "\n",
    "* Examples of unary ufuncs:  ``sqrt``, ``square``, ``exp``, ``log``, ``isnan``, ``cos`` (and other trig functions)\n",
    "* Examples of binary ufuncs: ``add``, ``power``, ``mod``\n",
    "\n",
    "(See Tables 4-3 and 4-4 on pgs 107-108 in *Python for Data Analysis*)\n"
   ]
  },
  {
   "cell_type": "code",
   "execution_count": null,
   "metadata": {},
   "outputs": [],
   "source": [
    "arr1 = np.linspace(0,1,11)"
   ]
  },
  {
   "cell_type": "code",
   "execution_count": null,
   "metadata": {},
   "outputs": [],
   "source": [
    "arr1"
   ]
  },
  {
   "cell_type": "code",
   "execution_count": null,
   "metadata": {},
   "outputs": [],
   "source": [
    "arr2 = np.random.randint(10,100,11)"
   ]
  },
  {
   "cell_type": "code",
   "execution_count": null,
   "metadata": {},
   "outputs": [],
   "source": [
    "arr2"
   ]
  },
  {
   "cell_type": "code",
   "execution_count": null,
   "metadata": {},
   "outputs": [],
   "source": [
    "np.square(arr1)"
   ]
  },
  {
   "cell_type": "code",
   "execution_count": null,
   "metadata": {},
   "outputs": [],
   "source": [
    "np.exp(arr1)"
   ]
  },
  {
   "cell_type": "code",
   "execution_count": null,
   "metadata": {},
   "outputs": [],
   "source": [
    "np.power(arr2,arr1)"
   ]
  },
  {
   "cell_type": "code",
   "execution_count": null,
   "metadata": {},
   "outputs": [],
   "source": []
  }
 ],
 "metadata": {
  "kernelspec": {
   "display_name": "Python 3",
   "language": "python",
   "name": "python3"
  },
  "language_info": {
   "codemirror_mode": {
    "name": "ipython",
    "version": 3
   },
   "file_extension": ".py",
   "mimetype": "text/x-python",
   "name": "python",
   "nbconvert_exporter": "python",
   "pygments_lexer": "ipython3",
   "version": "3.6.9"
  }
 },
 "nbformat": 4,
 "nbformat_minor": 2
}
